ocreval Word Accuracy Report Version 7.0
----------------------------------------
     904   Words
      92   Misrecognized
   89.82%  Accuracy

Stopwords
   Count   Missed   %Right   Length
       0        0   ------    Total

Non-stopwords
   Count   Missed   %Right   Length
       8        1    87.50        3
      77        6    92.21        6
       4        2    50.00        7
     156       14    91.03        9
      20        1    95.00       10
     214       13    93.93       12
       3        2    33.33       13
     168       10    94.05       15
      91       10    89.01       18
       1        0   100.00       19
      56        9    83.93       21
      35        7    80.00       24
      27        4    85.19       27
      25        4    84.00       30
       5        2    60.00       33
      11        5    54.55       36
       2        1    50.00       39
       1        1     0.00       45
     904       92    89.82    Total

Distinct Non-stopwords
   Count   Missed   %Right   Occurs
     452       71    84.29        1
      68        0   100.00        2
      31        0   100.00        3
      17        0   100.00        4
       7        0   100.00        5
       4        0   100.00        6
       3        0   100.00        7
       4        0   100.00        8
       2        0   100.00       10
       2        0   100.00      >10
     590       71    87.97    Total

Phrases
   Count   Missed   %Right   Length
     904       92    89.82        1
     903      173    80.84        2
     902      240    73.39        3
     901      301    66.59        4
     900      356    60.44        5
     899      406    54.84        6
     898      451    49.78        7
     897      493    45.04        8

Non-stopwords
   Count   Missed   %Right   
       2        1    50.00   অত্যন্ত
       1        0   100.00   অদ্ভুত
       1        0   100.00   অধিকার
       1        0   100.00   অধিকারে
       1        0   100.00   অনাহারে
       1        0   100.00   অনেক
       1        0   100.00   অনেকক্ষণ
       1        0   100.00   অনেকের
       1        0   100.00   অন্তরের
       1        0   100.00   অন্ধকারে
       1        0   100.00   অন্ধকারের
       1        0   100.00   অন্যপাশে
       1        0   100.00   অন্যায়
       2        0   100.00   অপ্রত্যাশিত
       1        0   100.00   অবন্তী
       1        1     0.00   অবসন্ন
       1        0   100.00   অবস্থায়
       1        0   100.00   অমত
       1        1     0.00   অমৃতের
       1        0   100.00   অলস
       1        0   100.00   আকাশ
       1        0   100.00   আকাশে
       2        0   100.00   আকাশের
       2        0   100.00   আগে
       1        0   100.00   আগের
       1        1     0.00   আঙুলও
       1        0   100.00   আচ্ছা
       4        0   100.00   আছে
       1        1     0.00   আজ
       1        0   100.00   আনত
       1        1     0.00   আনতে
       1        0   100.00   আনন্দিত
       1        0   100.00   আনন্দে
       1        0   100.00   আপন
       4        0   100.00   আপনি
       3        0   100.00   আবার
       1        0   100.00   আমলে
       4        0   100.00   আমার
       4        0   100.00   আমি
       1        0   100.00   আমিও
       7        0   100.00   আর
       2        1    50.00   আরও
       1        0   100.00   আরো
       2        0   100.00   আলো
       1        0   100.00   আলোর
       1        0   100.00   আশায়
       1        1     0.00   আষাঢ়ী
       1        0   100.00   আসছে
       1        0   100.00   আসত
       1        0   100.00   আসতে
       1        0   100.00   আসবেনই
       3        0   100.00   আসুন
       2        0   100.00   আসেন
       1        0   100.00   আহ
       1        0   100.00   আহারের
       1        1     0.00   ইতস্ততঃ
       1        0   100.00   উঁচু
       1        1     0.00   উজ্জ্বল
       3        0   100.00   উঠল
       1        0   100.00   উঠলুম
       2        0   100.00   উঠে
       1        0   100.00   উদ্দেশ্য
       1        0   100.00   উদ্যোগ
       1        0   100.00   উন্মুখ
       1        1     0.00   উরুবিল্ব
       1        1     0.00   উর্দ্ধ্বে
       1        0   100.00   উৎসব
       3        0   100.00   এ
       5        0   100.00   এই
       1        0   100.00   এইখানে
       3        0   100.00   এক
       4        0   100.00   একজন
       4        0   100.00   একটা
       4        0   100.00   একটু
       1        0   100.00   একটুখানি
       1        0   100.00   একত্র
       1        1     0.00   একপাশে
       3        0   100.00   একবার
       1        0   100.00   একমাত্র
       1        0   100.00   এখান
       1        0   100.00   এখানে
       1        0   100.00   এত
       2        0   100.00   এতে
       1        0   100.00   এবং
       2        0   100.00   এমন
       1        0   100.00   এরকম
       2        0   100.00   এল
       1        0   100.00   এলুম
       1        0   100.00   এলে
       1        0   100.00   এলেন
       1        0   100.00   এসে
       1        1     0.00   ঐ
       1        0   100.00   ও
       2        0   100.00   ওই
       2        0   100.00   ওখানে
       1        0   100.00   ওগো
       1        0   100.00   ওঠে
       2        0   100.00   ক
      11        1    90.91   ক'রে
       2        0   100.00   কক্ষে
       2        0   100.00   কখনো
       1        0   100.00   কত
       2        0   100.00   কথা
       1        0   100.00   কথাগুলো
       1        0   100.00   কথাটা
       2        0   100.00   করতে
       1        0   100.00   করতেন
       2        0   100.00   করলে
       2        0   100.00   করলেন
       1        1     0.00   করায়
       1        1     0.00   করার
       4        3    25.00   করে
       2        0   100.00   করেনি
       3        0   100.00   কাছে
       1        0   100.00   কাজ
       1        0   100.00   কাটিয়ে
       1        0   100.00   কানে
       1        0   100.00   কামানগুলো
       1        0   100.00   কামানের
       1        0   100.00   কার
       1        0   100.00   কারা
       8        0   100.00   কি
       2        0   100.00   কিন্তু
       3        1    66.67   কীর্ত্তি
       2        1    50.00   কুটীরের
       3        0   100.00   কেউ
       3        0   100.00   কেটে
       1        0   100.00   কেন
       1        0   100.00   কেমন
       1        0   100.00   কোথায়
       4        0   100.00   কোন
       1        1     0.00   কোন্
       1        0   100.00   ক্রিয়াকলাপে
       1        0   100.00   ক্ষীণ
       1        1     0.00   ক’রে
       1        1     0.00   খাদ্য
       1        0   100.00   খানা
       1        0   100.00   খাবার
       1        0   100.00   খুঁজিনি
       1        0   100.00   খুঁজে
       1        0   100.00   খুব
       1        0   100.00   খুশী
       1        0   100.00   খেতে
       1        0   100.00   খেয়ে
       2        0   100.00   গড়
       1        0   100.00   গড়তে
       3        0   100.00   গড়ের
       1        1     0.00   গর্ভস্থ
       1        0   100.00   গাছতলায়
       1        0   100.00   গাছের
       1        0   100.00   গানে
       2        0   100.00   গায়ক
       1        0   100.00   গুণাঢ্য
       1        0   100.00   গুপ্ত
       1        0   100.00   গৃহটিতে
      10        0   100.00   গেল
       1        0   100.00   গেলে
       1        0   100.00   গেলেন
       1        0   100.00   গোখুরা
       1        0   100.00   গৌড়
       1        0   100.00   গ্রহণ
       1        0   100.00   গ্রামের
       1        0   100.00   ঘট
       1        0   100.00   ঘটকক্ষে
       1        0   100.00   ঘটনা
       1        0   100.00   ঘটেছিল
       1        1     0.00   ঘাটে
       1        0   100.00   ঘাড়
       1        0   100.00   ঘিরে
       1        0   100.00   ঘুম
       1        0   100.00   ঘুমোনো
       1        0   100.00   ঘুরছে
       2        0   100.00   ঘুরতে
       3        0   100.00   চ'লে
       1        0   100.00   চক্রাকারে
       1        1     0.00   চন্দ্রদ্বীপ
       1        0   100.00   চল
       1        0   100.00   চলল
       1        0   100.00   চলুন
       1        0   100.00   চারিদিক
       1        0   100.00   চিরে
       1        0   100.00   চুপ
       3        0   100.00   চেয়ে
       1        0   100.00   চেয়েও
       2        0   100.00   চোখ
       1        0   100.00   চোখের
       1        1     0.00   ছ'দিন
       2        1    50.00   ছইএর
       3        0   100.00   ছিল
       3        0   100.00   ছিলেন
       1        0   100.00   ছেয়ে
       1        0   100.00   জগৎ
       1        0   100.00   জন্যে
       1        0   100.00   জমিদারকেই
       3        0   100.00   জল
       1        0   100.00   জলদস্যুদের
       1        0   100.00   জলাশয়ে
       1        0   100.00   জানে
       1        0   100.00   জানো
       3        0   100.00   জিজ্ঞাসা
       1        0   100.00   জীবনে
       1        0   100.00   জোরে
       1        0   100.00   জ্বলে
       1        0   100.00   জ্যোৎস্নাজাল
       1        0   100.00   জ্যোৎস্নার
       1        0   100.00   ঝরঝর
       1        0   100.00   ঝরণায়
       1        0   100.00   ঝরে
       1        0   100.00   টৌড়
       1        0   100.00   ঠাকরুণ
       1        0   100.00   ঠিকও
       1        0   100.00   ডাকলেন
       1        1     0.00   ডিপার্টমেণ্টে
       1        1     0.00   ঢিবিটা
       1        1     0.00   ঢিবিটায়
       1        0   100.00   ঢুকে
       1        0   100.00   ঢেউয়ে
       3        0   100.00   তখন
       1        0   100.00   তখনকার
       1        0   100.00   তথাগতো
       1        0   100.00   তবু
       1        0   100.00   তবুও
       1        0   100.00   তরল
       3        0   100.00   তরুণ
       1        0   100.00   তলায়
       1        0   100.00   তলে
       2        1    50.00   তা
       6        0   100.00   তাঁর
       2        1    50.00   তাঁরই
       2        0   100.00   তাড়াতাড়ি
       2        0   100.00   তাদের
       1        0   100.00   তান্ত্রিক
       1        1     0.00   তাম্বুলে
       8        0   100.00   তার
       1        0   100.00   তারই
       5        0   100.00   তারপর
       1        0   100.00   তারা
       7        0   100.00   তিনি
       1        0   100.00   তিনিও
       2        0   100.00   তিলে
       3        0   100.00   তুমি
       1        0   100.00   তেমনি
       1        0   100.00   তেসং
       2        0   100.00   তো
       1        0   100.00   তোপ
       1        0   100.00   তোমরা
       2        0   100.00   তোমাকে
       2        0   100.00   তোমার
       1        0   100.00   থমকে
       1        1     0.00   থলি
       1        1     0.00   থাকত
       1        0   100.00   থাকবার
       1        0   100.00   থাকবেন
       1        0   100.00   থাকি
       1        1     0.00   থাক‍্
       1        0   100.00   থাবার
       7        0   100.00   থেকে
       1        0   100.00   থেকেও
       1        0   100.00   দক্ষিণ
       4        1    75.00   দাঁড়িয়ে
       1        0   100.00   দাগ
       1        1     0.00   দিকচক্ৰবালের
       1        0   100.00   দিকটা
       3        0   100.00   দিকে
       2        0   100.00   দিন
       1        0   100.00   দিনের
       3        0   100.00   দিয়ে
       1        0   100.00   দিলেন
       1        0   100.00   দু'জনকে
       1        0   100.00   দু'শত
       1        1     0.00   দুটি
       1        0   100.00   দুপুর
       1        0   100.00   দুর্গ
       1        0   100.00   দুলছে
       1        1     0.00   দু’পাড়
       1        1     0.00   দূর
       1        0   100.00   দূরে
       1        0   100.00   দৃঢ়
       2        0   100.00   দেখ
       1        0   100.00   দেখলে
       1        0   100.00   দেখা
       2        0   100.00   দেখি
       1        0   100.00   দেখুন
       5        0   100.00   দেখে
       1        0   100.00   দেব
       3        0   100.00   দেবী
       2        0   100.00   দেবীর
       1        0   100.00   ধরতে
       2        0   100.00   ধাপে
       1        0   100.00   ধার
       1        0   100.00   ধারে
       1        0   100.00   ধারের
       4        0   100.00   নদীর
       5        0   100.00   নরনারায়ণ
      10        0   100.00   না
       1        1     0.00   নাঃ
       1        0   100.00   নাও
       1        0   100.00   নাকি
       1        0   100.00   নাড়বার
       1        0   100.00   নামলেন
       1        0   100.00   নারীকে
       1        1     0.00   নি
       3        0   100.00   নিজের
       1        0   100.00   নিঝুম
       1        0   100.00   নিভৃত
       1        1     0.00   নিয়ে
       1        1     0.00   নির্মম
       1        0   100.00   নিলে
       2        1    50.00   নিস্তব্ধ
       1        0   100.00   নীচের
       1        0   100.00   নীল
       1        0   100.00   নেই
       2        0   100.00   নেমে
       1        0   100.00   নৈশ
       1        0   100.00   নৌকাযাত্রীরা
       1        0   100.00   নৌকার
       1        0   100.00   নৌকোয়
       1        0   100.00   পড়ল
       1        0   100.00   পড়লেন
       1        0   100.00   পড়ে
       1        0   100.00   পতিত
       1        0   100.00   পথে
       1        0   100.00   পদ্মসম্ভবের
       1        0   100.00   পদ্মের
       4        0   100.00   পর
       1        0   100.00   পরদিন
       1        1     0.00   পরিবারবর্গ
       1        0   100.00   পরে
       1        0   100.00   পরেই
       2        0   100.00   পশ্চিম
       1        0   100.00   পাঁচ
       1        1     0.00   পাঁচবার
       1        0   100.00   পাইনে
       1        0   100.00   পাওয়া
       1        0   100.00   পান
       1        0   100.00   পাপড়ির
       1        0   100.00   পায়ের
       1        0   100.00   পারলে
       1        0   100.00   পারা
       1        0   100.00   পারে
       1        0   100.00   পারো
       1        0   100.00   পালিয়ে
       1        1     0.00   পালিয়েছিল
       1        0   100.00   পাষাণমূর্ত্তি
       1        0   100.00   পাহাড়ের
       1        0   100.00   পাহারা
       1        1     0.00   পুস্পপেলব
       1        0   100.00   পূর্ণিমার
       2        0   100.00   পূর্ব্বে
       1        0   100.00   পেয়ে
       1        0   100.00   পেয়েছি
       1        0   100.00   পৌঁছল
       1        0   100.00   প্রতাপশালী
       1        0   100.00   প্রতিদিনের
       1        1     0.00   প্রতীক্ষায়
       1        0   100.00   প্রত্যাগত
       1        0   100.00   প্রথমে
      12        0   100.00   প্রদ্যুম্ন
       2        1    50.00   প্রদ্যুম্নকে
       2        0   100.00   প্রদ্যুম্নের
       1        0   100.00   প্রবাসী
       1        0   100.00   প্রাঙ্গণে
       1        1     0.00   প্রান্তে
       1        0   100.00   প্রায়
       1        0   100.00   প্রায়ই
       1        1     0.00   প্ৰকৃতি
       1        1     0.00   প্ৰব্ৰজ্যা
       1        0   100.00   ফরেস্ট
       1        0   100.00   ফুলটা
       1        0   100.00   ফেলাই
       1        0   100.00   ফেলেছে
       5        0   100.00   ব'সে
       1        0   100.00   ব'সো
       6        1    83.33   বড়
       1        0   100.00   বনের
       1        0   100.00   বয়সে
       1        0   100.00   বরিশালের
       1        0   100.00   বলতে
       1        0   100.00   বললুম
       8        1    87.50   বললে
       6        0   100.00   বললেন
       1        0   100.00   বলি
       1        1     0.00   বলে
       1        1     0.00   বসে
       1        0   100.00   বহু
       1        0   100.00   বাঁকের
       1        0   100.00   বাঁধন
       1        0   100.00   বাঁশবনে
       1        0   100.00   বাঁশীটি
       1        0   100.00   বাঁশীর
       1        0   100.00   বাংলা
       4        0   100.00   বাইরে
       1        1     0.00   বাকলা
       1        0   100.00   বাঘের
       1        0   100.00   বাজিকরদের
       1        0   100.00   বাতায়ন
       1        0   100.00   বার
       1        0   100.00   বারই
       1        0   100.00   বাহুটি
       1        0   100.00   বিকালে
       1        0   100.00   বিকেলের
       1        1     0.00   বিজয়োন্মত্ত
       1        0   100.00   বিবাহ
       1        0   100.00   বিশ
       1        0   100.00   বিষাক্ত
       1        0   100.00   বিহারে
       1        0   100.00   বীণ
       1        0   100.00   বীর
       1        0   100.00   বুক
       1        0   100.00   বুজে
       1        0   100.00   বুঝতেন
       1        0   100.00   বুঝলে
       1        1     0.00   বুঝেতে
       1        0   100.00   বেতগাছ
       1        1     0.00   বেতডাঁটাগুলো
       1        0   100.00   বেতবনের
       1        0   100.00   বেতে
       1        0   100.00   বেধে
       1        0   100.00   বেয়ে
       1        0   100.00   বেলায়
       1        0   100.00   বেশ
       1        0   100.00   বেষ্টন
       1        0   100.00   বৈকালের
       1        0   100.00   বোনা
       1        0   100.00   বৌ
       1        0   100.00   ব্যগ্রভাবে
       1        0   100.00   ব্যাপার
       1        0   100.00   ব্যাপারটা
       1        1     0.00   বৎসর
       1        0   100.00   ভদ্রলোক
       1        0   100.00   ভাই
       1        0   100.00   ভাঙা
       1        1     0.00   ভাঙ্গা
       1        0   100.00   ভাব
       2        0   100.00   ভাবত
       1        0   100.00   ভাবলে
       1        0   100.00   ভাবলেন
       1        1     0.00   ভারি
       2        0   100.00   ভালো
       1        0   100.00   ভালোই
       1        0   100.00   ভাষার
       1        0   100.00   ভিক্ষু
       1        0   100.00   ভিড়ের
       1        0   100.00   ভীরু
       1        0   100.00   ভুঁইয়া
       1        1     0.00   ভুলুয়ার
       1        0   100.00   ভুলো
       1        1     0.00   ভূ
       2        1    50.00   ভেবে
       1        0   100.00   ভেসে
       1        0   100.00   মগ
       2        1    50.00   মত
       1        0   100.00   মতন
       1        0   100.00   মতো
       5        0   100.00   মধ্যে
       6        0   100.00   মনে
       1        0   100.00   মন্দির
       3        0   100.00   মন্দিরে
       1        0   100.00   মন্দিরের
       1        1     0.00   ময়েপুরুষ
       1        0   100.00   মল্লারে
       1        0   100.00   মশায়
       1        0   100.00   মাঠ
       2        0   100.00   মাঠের
       1        0   100.00   মাস
       1        0   100.00   মাসের
       1        0   100.00   মিথ্যা
       1        0   100.00   মিথ্যে
       1        0   100.00   মুক্ত
       1        0   100.00   মুখ
       2        0   100.00   মুখে
       2        0   100.00   মৃত্যু
       1        0   100.00   মৃত্যুমুখে
       2        0   100.00   মেঘ
       1        0   100.00   মেরে
       1        0   100.00   মোহের
       1        0   100.00   যখন
       1        0   100.00   যত
       1        0   100.00   যদি
       1        0   100.00   যবাগূ
       1        0   100.00   যা
       1        0   100.00   যাই
       1        0   100.00   যাও
       1        0   100.00   যাক
       1        0   100.00   যাচ্ছে
       1        1     0.00   যান
       1        0   100.00   যাবার
       1        0   100.00   যায়
       3        0   100.00   যে
       1        1     0.00   যোগাচাৰ্য‍্য
       1        0   100.00   র
       1        0   100.00   রইত
       1        0   100.00   রইল
       1        0   100.00   রকমে
       1        0   100.00   রাখত
       1        0   100.00   রাজধানীতে
       1        0   100.00   রাজা
       1        0   100.00   রাত
       4        0   100.00   রাতে
       5        0   100.00   রায়
       3        0   100.00   রায়ের
       1        1     0.00   রুদ্ধ
       1        0   100.00   রোজ
       1        0   100.00   রোজই
       1        0   100.00   রোজারিওর
       2        0   100.00   লক্ষ্য
       1        0   100.00   লঞ্চে
       1        0   100.00   লোকটি
       1        0   100.00   লোকটিই
       1        0   100.00   শব্দ
       1        0   100.00   শব্দও
       1        1     0.00   শালবনের
       1        0   100.00   শিক্ষা
       1        1     0.00   শিগগির
       1        0   100.00   শিষ্য
       1        0   100.00   শুনলেন
       1        0   100.00   শুনুন
       1        0   100.00   শুনেছিলাম
       1        0   100.00   শেষ
       1        0   100.00   শোয়া
       1        0   100.00   শ্বাস
       1        0   100.00   শ্যামলতায়
       1        1     0.00   সংগঠিত
       1        0   100.00   সংবাদ
       1        0   100.00   সকলেই
       2        0   100.00   সকাল
       1        0   100.00   সকালে
       1        0   100.00   সকালেই
       3        0   100.00   সঙ্গী
       1        0   100.00   সঙ্গীর
       4        0   100.00   সঙ্গে
       1        0   100.00   সন্দেহ
       1        0   100.00   সন্ধান
       2        0   100.00   সন্ধ্যা
       2        0   100.00   সন্ধ্যার
       4        0   100.00   সব
       2        0   100.00   সময়
       1        0   100.00   সমস্ত
       1        0   100.00   সম্পূর্ণ
       1        0   100.00   সম্মত
       1        1     0.00   সম্মতিসূচক
       1        0   100.00   সম্মুখে
       1        0   100.00   সামনে
       1        0   100.00   সামনেই
       1        0   100.00   সারা
       1        0   100.00   সাহস
       1        0   100.00   সিদ্ধ
       1        0   100.00   সুড়ঙ্গের
       1        0   100.00   সুদৃঢ়
       3        0   100.00   সুনন্দা
       1        0   100.00   সুনন্দাকে
       1        0   100.00   সুনন্দার
       1        0   100.00   সুরদাস
       2        0   100.00   সুরদাসের
       1        0   100.00   সুরের
       1        0   100.00   সুস্বাদু
       8        1    87.50   সে
       3        0   100.00   সেই
       1        1     0.00   সেও
       2        0   100.00   সেখানে
       1        0   100.00   সেটার
       2        0   100.00   সেদিন
       1        1     0.00   সেবার
       1        0   100.00   সৈন্যবল
       1        1     0.00   সৌন্দর্যলক্ষীকে
       2        0   100.00   স্থান
       1        0   100.00   স্বপ্নময়
       1        1     0.00   হ'ত
       3        1    66.67   হ'ল
       1        1     0.00   হ'লেও
       1        0   100.00   হচ্ছিল
       2        0   100.00   হচ্ছে
       1        0   100.00   হঠাৎ
       1        0   100.00   হবে
       1        1     0.00   হয়
       1        0   100.00   হয়তো
       4        1    75.00   হয়ে
       1        0   100.00   হয়েছিল
       1        0   100.00   হয়েছে
       2        0   100.00   হলেন
       1        0   100.00   হাঁ
       1        0   100.00   হাওয়ায়
       1        0   100.00   হাত
       2        0   100.00   হাতে
       2        0   100.00   হাতের
       1        0   100.00   হারিয়ে
       1        0   100.00   হাসিমুখে
       1        0   100.00   হৃদয়
       1        1     0.00   হেতুং
       1        1     0.00   হ’ল
